True non-zero weights at: [ 8178  5295 14743]
True weights: [0.21974943 0.27238906 0.32031171]
True lambdas: [0.00999709 0.00298181 0.00032892]
Initializations done
Time taken for initializations: 2.8514857292175293 seconds
-------------------------------------
Time taken for information criteria: 0.06783008575439453 seconds
-------------------------------------
Best fit lambdas using BIC criterion: [0.01       0.00332005 0.000332  ]
Non-zero weights using BIC criterion at: [13078  3630 17226  4972 14397  5715]
Weights using BIC criterion: [0.05252981 0.05724314 0.08657444 0.1008715  0.16416142 0.28731144]
Rel. RMSE: 1.2616616352694823
Sensitivity: 0.0
Specificity: 0.9996702753201077
Estimated eigenvector:
 [[ 0.83556798  0.54697763 -0.05139668]
 [-0.52340828  0.76413738 -0.37701172]
 [-0.16694285  0.34192037  0.92478135]]
Weight: 0.05252981087048913
Closest True eigenvector:
 [[-0.73838225  0.61728251  0.27157679]
 [ 0.66522209  0.60053394  0.44366491]
 [ 0.11077551  0.50825318 -0.85405357]]
Weight: 0.21974943425306137
Angle_error in degrees: [14.40385222 13.00764175 10.86072466]

Estimated eigenvector:
 [[ 0.73953433  0.33802651 -0.58208852]
 [-0.67032202  0.44858525 -0.59113422]
 [ 0.06129729  0.8273508   0.55833081]]
Weight: 0.05724314220491425
Closest True eigenvector:
 [[-0.73838225  0.61728251  0.27157679]
 [ 0.66522209  0.60053394  0.44366491]
 [ 0.11077551  0.50825318 -0.85405357]]
Weight: 0.21974943425306137
Angle_error in degrees: [24.10499011 12.15836571 25.29252031]

Estimated eigenvector:
 [[ 0.66843361 -0.73611858  0.10642342]
 [-0.71721547 -0.60004123  0.35433389]
 [-0.19697332 -0.3131772  -0.92904335]]
Weight: 0.08657444432517628
Closest True eigenvector:
 [[-0.73838225  0.61728251  0.27157679]
 [ 0.66522209  0.60053394  0.44366491]
 [ 0.11077551  0.50825318 -0.85405357]]
Weight: 0.21974943425306137
Angle_error in degrees: [12.35121294  5.92481329 12.98066608]

Estimated eigenvector:
 [[ 0.34115738  0.89200788 -0.29653599]
 [ 0.24406598  0.22058677  0.94433748]
 [ 0.90776838 -0.39454205 -0.14245398]]
Weight: 0.1008715004018362
Closest True eigenvector:
 [[-0.62895611 -0.69943218  0.33942427]
 [-0.15060367 -0.3187074  -0.93581202]
 [ 0.76271406 -0.63970323  0.09511591]]
Weight: 0.2723890570229792
Angle_error in degrees: [20.09511614  7.78546925 16.60308854]

Estimated eigenvector:
 [[ 0.57150394 -0.7713975  -0.27987345]
 [ 0.08506458 -0.28353154  0.95518264]
 [-0.81617845 -0.56969797 -0.09642078]]
Weight: 0.16416142057827263
Closest True eigenvector:
 [[-0.62895611 -0.69943218  0.33942427]
 [-0.15060367 -0.3187074  -0.93581202]
 [ 0.76271406 -0.63970323  0.09511591]]
Weight: 0.2723890570229792
Angle_error in degrees: [6.28640196 4.4050152  5.04915448]

Estimated eigenvector:
 [[ 0.57110158 -0.63281731 -0.52286254]
 [ 0.29440267  0.75247796 -0.58915532]
 [ 0.76627022  0.18253541  0.61604445]]
Weight: 0.28731144410583287
Closest True eigenvector:
 [[-0.48473349  0.68757537 -0.5406233 ]
 [-0.30609357 -0.71236072 -0.63154488]
 [-0.81935351 -0.14064964  0.5557675 ]]
Weight: 0.3203117075937396
Angle_error in degrees: [5.9496699  3.41089967 5.19188956]

-------------------------------------
Best fit lambdas using EBIC criterion: [0.01106682 0.0045     0.00040662]
Non-zero weights using EBIC criterion at: [ 6674  4926  6898 17279]
Weights using EBIC criterion: [0.08234777 0.0997465  0.16004436 0.27535593]
Rel. RMSE: 1.234901486401934
Sensitivity: 0.0
Specificity: 0.9997801835467385
Estimated eigenvector:
 [[-0.31461094 -0.81610583 -0.48475894]
 [ 0.85097778 -0.01623861 -0.52495059]
 [ 0.42054343 -0.57767428  0.69959678]]
Weight: 0.08234777297478094
Closest True eigenvector:
 [[-0.48473349  0.68757537 -0.5406233 ]
 [-0.30609357 -0.71236072 -0.63154488]
 [-0.81935351 -0.14064964  0.5557675 ]]
Weight: 0.3203117075937396
Angle_error in degrees: [12.65453053 52.87352749 35.44855867]

Estimated eigenvector:
 [[ 0.34115738 -0.90171164  0.26557063]
 [ 0.24406598 -0.18786045 -0.95138859]
 [ 0.90776838  0.38938999  0.15598716]]
Weight: 0.09974649847046162
Closest True eigenvector:
 [[-0.62895611 -0.69943218  0.33942427]
 [-0.15060367 -0.3187074  -0.93581202]
 [ 0.76271406 -0.63970323  0.09511591]]
Weight: 0.2723890570229792
Angle_error in degrees: [20.70709165  9.26629154 17.00120448]

Estimated eigenvector:
 [[ 0.89198281 -0.34934037  0.28692852]
 [ 0.31285077  0.01885219 -0.94961518]
 [ 0.32632969  0.93680622  0.12610723]]
Weight: 0.16004436376451342
Closest True eigenvector:
 [[-0.62895611 -0.69943218  0.33942427]
 [-0.15060367 -0.3187074  -0.93581202]
 [ 0.76271406 -0.63970323  0.09511591]]
Weight: 0.2723890570229792
Angle_error in degrees: [25.47827726 19.64629477 30.66443488]

Estimated eigenvector:
 [[ 0.66843361  0.58692405 -0.4568552 ]
 [-0.71721547  0.34597022 -0.60490213]
 [-0.19697332  0.73200053  0.65220913]]
Weight: 0.27535593299296374
Closest True eigenvector:
 [[-0.73838225  0.61728251  0.27157679]
 [ 0.66522209  0.60053394  0.44366491]
 [ 0.11077551  0.50825318 -0.85405357]]
Weight: 0.21974943425306137
Angle_error in degrees: [11.4988427  17.58907974 18.03215505]

-------------------------------------
Best fit lambdas using EFIC criterion: [0.01106682 0.0045     0.00040662]
Non-zero weights using EFIC criterion at: [ 6674  4926  6898 17279]
Weights using EFIC criterion: [0.08234777 0.0997465  0.16004436 0.27535593]
Rel. RMSE: 1.234901486401934
Sensitivity: 0.0
Specificity: 0.9997801835467385
Estimated eigenvector:
 [[-0.31461094 -0.81610583 -0.48475894]
 [ 0.85097778 -0.01623861 -0.52495059]
 [ 0.42054343 -0.57767428  0.69959678]]
Weight: 0.08234777297478094
Closest True eigenvector:
 [[-0.48473349  0.68757537 -0.5406233 ]
 [-0.30609357 -0.71236072 -0.63154488]
 [-0.81935351 -0.14064964  0.5557675 ]]
Weight: 0.3203117075937396
Angle_error in degrees: [12.65453053 52.87352749 35.44855867]

Estimated eigenvector:
 [[ 0.34115738 -0.90171164  0.26557063]
 [ 0.24406598 -0.18786045 -0.95138859]
 [ 0.90776838  0.38938999  0.15598716]]
Weight: 0.09974649847046162
Closest True eigenvector:
 [[-0.62895611 -0.69943218  0.33942427]
 [-0.15060367 -0.3187074  -0.93581202]
 [ 0.76271406 -0.63970323  0.09511591]]
Weight: 0.2723890570229792
Angle_error in degrees: [20.70709165  9.26629154 17.00120448]

Estimated eigenvector:
 [[ 0.89198281 -0.34934037  0.28692852]
 [ 0.31285077  0.01885219 -0.94961518]
 [ 0.32632969  0.93680622  0.12610723]]
Weight: 0.16004436376451342
Closest True eigenvector:
 [[-0.62895611 -0.69943218  0.33942427]
 [-0.15060367 -0.3187074  -0.93581202]
 [ 0.76271406 -0.63970323  0.09511591]]
Weight: 0.2723890570229792
Angle_error in degrees: [25.47827726 19.64629477 30.66443488]

Estimated eigenvector:
 [[ 0.66843361  0.58692405 -0.4568552 ]
 [-0.71721547  0.34597022 -0.60490213]
 [-0.19697332  0.73200053  0.65220913]]
Weight: 0.27535593299296374
Closest True eigenvector:
 [[-0.73838225  0.61728251  0.27157679]
 [ 0.66522209  0.60053394  0.44366491]
 [ 0.11077551  0.50825318 -0.85405357]]
Weight: 0.21974943425306137
Angle_error in degrees: [11.4988427  17.58907974 18.03215505]

-------------------------------------
Best fit lambdas using EBIC_robust criterion: [0.01106682 0.0045     0.00040662]
Non-zero weights using EBIC_robust criterion at: [ 6674  4926  6898 17279]
Weights using EBIC_robust criterion: [0.08234777 0.0997465  0.16004436 0.27535593]
Rel. RMSE: 1.234901486401934
Sensitivity: 0.0
Specificity: 0.9997801835467385
Estimated eigenvector:
 [[-0.31461094 -0.81610583 -0.48475894]
 [ 0.85097778 -0.01623861 -0.52495059]
 [ 0.42054343 -0.57767428  0.69959678]]
Weight: 0.08234777297478094
Closest True eigenvector:
 [[-0.48473349  0.68757537 -0.5406233 ]
 [-0.30609357 -0.71236072 -0.63154488]
 [-0.81935351 -0.14064964  0.5557675 ]]
Weight: 0.3203117075937396
Angle_error in degrees: [12.65453053 52.87352749 35.44855867]

Estimated eigenvector:
 [[ 0.34115738 -0.90171164  0.26557063]
 [ 0.24406598 -0.18786045 -0.95138859]
 [ 0.90776838  0.38938999  0.15598716]]
Weight: 0.09974649847046162
Closest True eigenvector:
 [[-0.62895611 -0.69943218  0.33942427]
 [-0.15060367 -0.3187074  -0.93581202]
 [ 0.76271406 -0.63970323  0.09511591]]
Weight: 0.2723890570229792
Angle_error in degrees: [20.70709165  9.26629154 17.00120448]

Estimated eigenvector:
 [[ 0.89198281 -0.34934037  0.28692852]
 [ 0.31285077  0.01885219 -0.94961518]
 [ 0.32632969  0.93680622  0.12610723]]
Weight: 0.16004436376451342
Closest True eigenvector:
 [[-0.62895611 -0.69943218  0.33942427]
 [-0.15060367 -0.3187074  -0.93581202]
 [ 0.76271406 -0.63970323  0.09511591]]
Weight: 0.2723890570229792
Angle_error in degrees: [25.47827726 19.64629477 30.66443488]

Estimated eigenvector:
 [[ 0.66843361  0.58692405 -0.4568552 ]
 [-0.71721547  0.34597022 -0.60490213]
 [-0.19697332  0.73200053  0.65220913]]
Weight: 0.27535593299296374
Closest True eigenvector:
 [[-0.73838225  0.61728251  0.27157679]
 [ 0.66522209  0.60053394  0.44366491]
 [ 0.11077551  0.50825318 -0.85405357]]
Weight: 0.21974943425306137
Angle_error in degrees: [11.4988427  17.58907974 18.03215505]

-------------------------------------
Time taken for plotting: 0.17192959785461426 seconds
-------------------------------------