True non-zero weights at: [16489 12887 12810]
True weights: [0.22358992 0.25737755 0.96950447]
True lambdas: [0.01072555 0.00290274 0.00032443]
Initializations done
Time taken for initializations: 1.9497475624084473 seconds
-------------------------------------
1.2345679012345678 % Done
2.4691358024691357 % Done
3.7037037037037037 % Done
4.938271604938271 % Done
6.172839506172839 % Done
7.407407407407407 % Done
8.641975308641975 % Done
9.876543209876543 % Done
11.11111111111111 % Done
12.345679012345679 % Done
13.580246913580247 % Done
14.814814814814815 % Done
16.049382716049383 % Done
17.28395061728395 % Done
18.51851851851852 % Done
19.753086419753085 % Done
20.987654320987655 % Done
22.22222222222222 % Done
23.45679012345679 % Done
24.691358024691358 % Done
25.925925925925927 % Done
27.160493827160494 % Done
28.395061728395063 % Done
29.62962962962963 % Done
30.864197530864196 % Done
32.098765432098766 % Done
33.333333333333336 % Done
34.5679012345679 % Done
35.80246913580247 % Done
37.03703703703704 % Done
38.27160493827161 % Done
39.50617283950617 % Done
40.74074074074074 % Done
41.97530864197531 % Done
43.20987654320987 % Done
44.44444444444444 % Done
45.67901234567901 % Done
46.91358024691358 % Done
48.148148148148145 % Done
49.382716049382715 % Done
50.617283950617285 % Done
51.851851851851855 % Done
53.08641975308642 % Done
54.32098765432099 % Done
55.55555555555556 % Done
56.79012345679013 % Done
58.02469135802469 % Done
59.25925925925926 % Done
60.49382716049383 % Done
61.72839506172839 % Done
62.96296296296296 % Done
64.19753086419753 % Done
65.4320987654321 % Done
66.66666666666667 % Done
67.90123456790124 % Done
69.1358024691358 % Done
70.37037037037037 % Done
71.60493827160494 % Done
72.8395061728395 % Done
74.07407407407408 % Done
75.30864197530865 % Done
76.54320987654322 % Done
77.77777777777777 % Done
79.01234567901234 % Done
80.24691358024691 % Done
81.48148148148148 % Done
82.71604938271605 % Done
83.95061728395062 % Done
85.18518518518519 % Done
86.41975308641975 % Done
87.65432098765432 % Done
88.88888888888889 % Done
90.12345679012346 % Done
91.35802469135803 % Done
92.5925925925926 % Done
93.82716049382717 % Done
95.06172839506173 % Done
96.29629629629629 % Done
97.53086419753086 % Done
98.76543209876543 % Done
100.0 % Done
Time taken for information criteria: 16151.231058359146 seconds
-------------------------------------
Best fit lambdas using BIC criterion: [0.01106682 0.00332005 0.000332  ]
Non-zero weights using BIC criterion at: [15758  2488 12887  8201  9069  3719 12810]
Weights using BIC criterion: [0.079025   0.09150088 0.11356341 0.13177268 0.15272259 0.25840949
 0.48960569]
Rel. RMSE: 0.6328962768807682
Sensitivity: 0.6666666666666666
Specificity: 0.9997252294334231
C:\Users\ojasw\OneDrive\Desktop\BTP\new\Diffusion MRI\funcs.py:243: RuntimeWarning: invalid value encountered in arccos
  angle[k] = np.arccos(np.abs(np.dot(V_true[j, k], V[i, k])))
Estimated eigenvector: [[ 0.31461094 -0.87422455 -0.36979913]
 [-0.85097778 -0.4323656   0.29815567]
 [-0.42054343  0.22088781 -0.87997261]] Weight: 0.07902499849301138
Closest True eigenvector: [[ 0.54025298 -0.75315623 -0.37534307]
 [-0.72302219 -0.64366255  0.25087333]
 [-0.43054109  0.1358463  -0.89228928]] Weight: 0.22358991558535568
Angle_error in degrees: [14.71558375 14.44841467  4.95811577]
Estimated eigenvector: [[-0.15622363 -0.91873886  0.36264733]
 [ 0.95504602 -0.23416223 -0.18181076]
 [ 0.25195492  0.31794175  0.91401956]] Weight: 0.09150088220230972
Closest True eigenvector: [[-0.01658448  0.97762356 -0.20970726]
 [-0.99748818 -0.03062241 -0.06387174]
 [-0.06886426  0.20812123  0.9756758 ]] Weight: 0.9695044734362793
Angle_error in degrees: [13.67808377 20.95462623 19.84633771]
Estimated eigenvector: [[ 0.64024264 -0.75399691 -0.14689455]
 [ 0.76078671  0.59593128  0.25703986]
 [-0.10626821 -0.2763233   0.95517145]] Weight: 0.11356340763684702
Closest True eigenvector: [[ 0.64024264 -0.75399691 -0.14689455]
 [ 0.76078671  0.59593128  0.25703986]
 [-0.10626821 -0.2763233   0.95517145]] Weight: 0.2573775454822034
Angle_error in degrees: [0. 0. 0.]
Estimated eigenvector: [[ 0.09846503 -0.97631011  0.19267382]
 [-0.98269321 -0.12592069 -0.13586032]
 [ 0.15690342 -0.17596177 -0.97181211]] Weight: 0.13177268230588415
Closest True eigenvector: [[-0.01658448  0.97762356 -0.20970726]
 [-0.99748818 -0.03062241 -0.06387174]
 [-0.06886426  0.20812123  0.9756758 ]] Weight: 0.9695044734362793
Angle_error in degrees: [4.79383548 6.89944951 5.37680946]
Estimated eigenvector: [[ 0.27533855 -0.94181126 -0.19282177]
 [ 0.95591046  0.28951922 -0.04913064]
 [ 0.1020974  -0.17079279  0.98000303]] Weight: 0.1527225919663439
Closest True eigenvector: [[ 0.64024264 -0.75399691 -0.14689455]
 [ 0.76078671  0.59593128  0.25703986]
 [-0.10626821 -0.2763233   0.95517145]] Weight: 0.2573775454822034
Angle_error in degrees: [23.83248343 27.48285079 13.48887291]
Estimated eigenvector: [[ 0.01658448  0.98088317  0.19388958]
 [ 0.99748818 -0.02958678  0.06435801]
 [ 0.06886426  0.19233522 -0.97891005]] Weight: 0.2584094894718138
Closest True eigenvector: [[-0.01658448  0.97762356 -0.20970726]
 [-0.99748818 -0.03062241 -0.06387174]
 [-0.06886426  0.20812123  0.9756758 ]] Weight: 0.9695044734362793
Angle_error in degrees: [23.36466258  3.45036626 23.10137447]
Estimated eigenvector: [[-0.01658448  0.97762356 -0.20970726]
 [-0.99748818 -0.03062241 -0.06387174]
 [-0.06886426  0.20812123  0.9756758 ]] Weight: 0.4896056890695331
Closest True eigenvector: [[ 0.64024264 -0.75399691 -0.14689455]
 [ 0.76078671  0.59593128  0.25703986]
 [-0.10626821 -0.2763233   0.95517145]] Weight: 0.2573775454822034
Angle_error in degrees: [44.19771708 37.48222212 28.14617305]
-------------------------------------
Best fit lambdas using EBIC criterion: [0.01106682 0.00332005 0.000332  ]
Non-zero weights using EBIC criterion at: [15758  2488 12887  8201  9069  3719 12810]
Weights using EBIC criterion: [0.079025   0.09150088 0.11356341 0.13177268 0.15272259 0.25840949
 0.48960569]
Rel. RMSE: 0.6328962768807682
Sensitivity: 0.6666666666666666
Specificity: 0.9997252294334231
C:\Users\ojasw\OneDrive\Desktop\BTP\new\Diffusion MRI\funcs.py:243: RuntimeWarning: invalid value encountered in arccos
  angle[k] = np.arccos(np.abs(np.dot(V_true[j, k], V[i, k])))
Estimated eigenvector: [[ 0.31461094 -0.87422455 -0.36979913]
 [-0.85097778 -0.4323656   0.29815567]
 [-0.42054343  0.22088781 -0.87997261]] Weight: 0.07902499849301138
Closest True eigenvector: [[ 0.54025298 -0.75315623 -0.37534307]
 [-0.72302219 -0.64366255  0.25087333]
 [-0.43054109  0.1358463  -0.89228928]] Weight: 0.22358991558535568
Angle_error in degrees: [14.71558375 14.44841467  4.95811577]
Estimated eigenvector: [[-0.15622363 -0.91873886  0.36264733]
 [ 0.95504602 -0.23416223 -0.18181076]
 [ 0.25195492  0.31794175  0.91401956]] Weight: 0.09150088220230972
Closest True eigenvector: [[-0.01658448  0.97762356 -0.20970726]
 [-0.99748818 -0.03062241 -0.06387174]
 [-0.06886426  0.20812123  0.9756758 ]] Weight: 0.9695044734362793
Angle_error in degrees: [13.67808377 20.95462623 19.84633771]
Estimated eigenvector: [[ 0.64024264 -0.75399691 -0.14689455]
 [ 0.76078671  0.59593128  0.25703986]
 [-0.10626821 -0.2763233   0.95517145]] Weight: 0.11356340763684702
Closest True eigenvector: [[ 0.64024264 -0.75399691 -0.14689455]
 [ 0.76078671  0.59593128  0.25703986]
 [-0.10626821 -0.2763233   0.95517145]] Weight: 0.2573775454822034
Angle_error in degrees: [0. 0. 0.]
Estimated eigenvector: [[ 0.09846503 -0.97631011  0.19267382]
 [-0.98269321 -0.12592069 -0.13586032]
 [ 0.15690342 -0.17596177 -0.97181211]] Weight: 0.13177268230588415
Closest True eigenvector: [[-0.01658448  0.97762356 -0.20970726]
 [-0.99748818 -0.03062241 -0.06387174]
 [-0.06886426  0.20812123  0.9756758 ]] Weight: 0.9695044734362793
Angle_error in degrees: [4.79383548 6.89944951 5.37680946]
Estimated eigenvector: [[ 0.27533855 -0.94181126 -0.19282177]
 [ 0.95591046  0.28951922 -0.04913064]
 [ 0.1020974  -0.17079279  0.98000303]] Weight: 0.1527225919663439
Closest True eigenvector: [[ 0.64024264 -0.75399691 -0.14689455]
 [ 0.76078671  0.59593128  0.25703986]
 [-0.10626821 -0.2763233   0.95517145]] Weight: 0.2573775454822034
Angle_error in degrees: [23.83248343 27.48285079 13.48887291]
Estimated eigenvector: [[ 0.01658448  0.98088317  0.19388958]
 [ 0.99748818 -0.02958678  0.06435801]
 [ 0.06886426  0.19233522 -0.97891005]] Weight: 0.2584094894718138
Closest True eigenvector: [[-0.01658448  0.97762356 -0.20970726]
 [-0.99748818 -0.03062241 -0.06387174]
 [-0.06886426  0.20812123  0.9756758 ]] Weight: 0.9695044734362793
Angle_error in degrees: [23.36466258  3.45036626 23.10137447]
Estimated eigenvector: [[-0.01658448  0.97762356 -0.20970726]
 [-0.99748818 -0.03062241 -0.06387174]
 [-0.06886426  0.20812123  0.9756758 ]] Weight: 0.4896056890695331
Closest True eigenvector: [[ 0.64024264 -0.75399691 -0.14689455]
 [ 0.76078671  0.59593128  0.25703986]
 [-0.10626821 -0.2763233   0.95517145]] Weight: 0.2573775454822034
Angle_error in degrees: [44.19771708 37.48222212 28.14617305]
-------------------------------------
Best fit lambdas using EFIC criterion: [0.01106682 0.00332005 0.000332  ]
Non-zero weights using EFIC criterion at: [15758  2488 12887  8201  9069  3719 12810]
Weights using EFIC criterion: [0.079025   0.09150088 0.11356341 0.13177268 0.15272259 0.25840949
 0.48960569]
Rel. RMSE: 0.6328962768807682
Sensitivity: 0.6666666666666666
Specificity: 0.9997252294334231
C:\Users\ojasw\OneDrive\Desktop\BTP\new\Diffusion MRI\funcs.py:243: RuntimeWarning: invalid value encountered in arccos
  angle[k] = np.arccos(np.abs(np.dot(V_true[j, k], V[i, k])))
Estimated eigenvector: [[ 0.31461094 -0.87422455 -0.36979913]
 [-0.85097778 -0.4323656   0.29815567]
 [-0.42054343  0.22088781 -0.87997261]] Weight: 0.07902499849301138
Closest True eigenvector: [[ 0.54025298 -0.75315623 -0.37534307]
 [-0.72302219 -0.64366255  0.25087333]
 [-0.43054109  0.1358463  -0.89228928]] Weight: 0.22358991558535568
Angle_error in degrees: [14.71558375 14.44841467  4.95811577]
Estimated eigenvector: [[-0.15622363 -0.91873886  0.36264733]
 [ 0.95504602 -0.23416223 -0.18181076]
 [ 0.25195492  0.31794175  0.91401956]] Weight: 0.09150088220230972
Closest True eigenvector: [[-0.01658448  0.97762356 -0.20970726]
 [-0.99748818 -0.03062241 -0.06387174]
 [-0.06886426  0.20812123  0.9756758 ]] Weight: 0.9695044734362793
Angle_error in degrees: [13.67808377 20.95462623 19.84633771]
Estimated eigenvector: [[ 0.64024264 -0.75399691 -0.14689455]
 [ 0.76078671  0.59593128  0.25703986]
 [-0.10626821 -0.2763233   0.95517145]] Weight: 0.11356340763684702
Closest True eigenvector: [[ 0.64024264 -0.75399691 -0.14689455]
 [ 0.76078671  0.59593128  0.25703986]
 [-0.10626821 -0.2763233   0.95517145]] Weight: 0.2573775454822034
Angle_error in degrees: [0. 0. 0.]
Estimated eigenvector: [[ 0.09846503 -0.97631011  0.19267382]
 [-0.98269321 -0.12592069 -0.13586032]
 [ 0.15690342 -0.17596177 -0.97181211]] Weight: 0.13177268230588415
Closest True eigenvector: [[-0.01658448  0.97762356 -0.20970726]
 [-0.99748818 -0.03062241 -0.06387174]
 [-0.06886426  0.20812123  0.9756758 ]] Weight: 0.9695044734362793
Angle_error in degrees: [4.79383548 6.89944951 5.37680946]
Estimated eigenvector: [[ 0.27533855 -0.94181126 -0.19282177]
 [ 0.95591046  0.28951922 -0.04913064]
 [ 0.1020974  -0.17079279  0.98000303]] Weight: 0.1527225919663439
Closest True eigenvector: [[ 0.64024264 -0.75399691 -0.14689455]
 [ 0.76078671  0.59593128  0.25703986]
 [-0.10626821 -0.2763233   0.95517145]] Weight: 0.2573775454822034
Angle_error in degrees: [23.83248343 27.48285079 13.48887291]
Estimated eigenvector: [[ 0.01658448  0.98088317  0.19388958]
 [ 0.99748818 -0.02958678  0.06435801]
 [ 0.06886426  0.19233522 -0.97891005]] Weight: 0.2584094894718138
Closest True eigenvector: [[-0.01658448  0.97762356 -0.20970726]
 [-0.99748818 -0.03062241 -0.06387174]
 [-0.06886426  0.20812123  0.9756758 ]] Weight: 0.9695044734362793
Angle_error in degrees: [23.36466258  3.45036626 23.10137447]
Estimated eigenvector: [[-0.01658448  0.97762356 -0.20970726]
 [-0.99748818 -0.03062241 -0.06387174]
 [-0.06886426  0.20812123  0.9756758 ]] Weight: 0.4896056890695331
Closest True eigenvector: [[ 0.64024264 -0.75399691 -0.14689455]
 [ 0.76078671  0.59593128  0.25703986]
 [-0.10626821 -0.2763233   0.95517145]] Weight: 0.2573775454822034
Angle_error in degrees: [44.19771708 37.48222212 28.14617305]
-------------------------------------
Best fit lambdas using EBIC_robust criterion: [0.01106682 0.00332005 0.000332  ]
Non-zero weights using EBIC_robust criterion at: [15758  2488 12887  8201  9069  3719 12810]
Weights using EBIC_robust criterion: [0.079025   0.09150088 0.11356341 0.13177268 0.15272259 0.25840949
 0.48960569]
Rel. RMSE: 0.6328962768807682
Sensitivity: 0.6666666666666666
Specificity: 0.9997252294334231
C:\Users\ojasw\OneDrive\Desktop\BTP\new\Diffusion MRI\funcs.py:243: RuntimeWarning: invalid value encountered in arccos
  angle[k] = np.arccos(np.abs(np.dot(V_true[j, k], V[i, k])))
Estimated eigenvector: [[ 0.31461094 -0.87422455 -0.36979913]
 [-0.85097778 -0.4323656   0.29815567]
 [-0.42054343  0.22088781 -0.87997261]] Weight: 0.07902499849301138
Closest True eigenvector: [[ 0.54025298 -0.75315623 -0.37534307]
 [-0.72302219 -0.64366255  0.25087333]
 [-0.43054109  0.1358463  -0.89228928]] Weight: 0.22358991558535568
Angle_error in degrees: [14.71558375 14.44841467  4.95811577]
Estimated eigenvector: [[-0.15622363 -0.91873886  0.36264733]
 [ 0.95504602 -0.23416223 -0.18181076]
 [ 0.25195492  0.31794175  0.91401956]] Weight: 0.09150088220230972
Closest True eigenvector: [[-0.01658448  0.97762356 -0.20970726]
 [-0.99748818 -0.03062241 -0.06387174]
 [-0.06886426  0.20812123  0.9756758 ]] Weight: 0.9695044734362793
Angle_error in degrees: [13.67808377 20.95462623 19.84633771]
Estimated eigenvector: [[ 0.64024264 -0.75399691 -0.14689455]
 [ 0.76078671  0.59593128  0.25703986]
 [-0.10626821 -0.2763233   0.95517145]] Weight: 0.11356340763684702
Closest True eigenvector: [[ 0.64024264 -0.75399691 -0.14689455]
 [ 0.76078671  0.59593128  0.25703986]
 [-0.10626821 -0.2763233   0.95517145]] Weight: 0.2573775454822034
Angle_error in degrees: [0. 0. 0.]
Estimated eigenvector: [[ 0.09846503 -0.97631011  0.19267382]
 [-0.98269321 -0.12592069 -0.13586032]
 [ 0.15690342 -0.17596177 -0.97181211]] Weight: 0.13177268230588415
Closest True eigenvector: [[-0.01658448  0.97762356 -0.20970726]
 [-0.99748818 -0.03062241 -0.06387174]
 [-0.06886426  0.20812123  0.9756758 ]] Weight: 0.9695044734362793
Angle_error in degrees: [4.79383548 6.89944951 5.37680946]
Estimated eigenvector: [[ 0.27533855 -0.94181126 -0.19282177]
 [ 0.95591046  0.28951922 -0.04913064]
 [ 0.1020974  -0.17079279  0.98000303]] Weight: 0.1527225919663439
Closest True eigenvector: [[ 0.64024264 -0.75399691 -0.14689455]
 [ 0.76078671  0.59593128  0.25703986]
 [-0.10626821 -0.2763233   0.95517145]] Weight: 0.2573775454822034
Angle_error in degrees: [23.83248343 27.48285079 13.48887291]
Estimated eigenvector: [[ 0.01658448  0.98088317  0.19388958]
 [ 0.99748818 -0.02958678  0.06435801]
 [ 0.06886426  0.19233522 -0.97891005]] Weight: 0.2584094894718138
Closest True eigenvector: [[-0.01658448  0.97762356 -0.20970726]
 [-0.99748818 -0.03062241 -0.06387174]
 [-0.06886426  0.20812123  0.9756758 ]] Weight: 0.9695044734362793
Angle_error in degrees: [23.36466258  3.45036626 23.10137447]
Estimated eigenvector: [[-0.01658448  0.97762356 -0.20970726]
 [-0.99748818 -0.03062241 -0.06387174]
 [-0.06886426  0.20812123  0.9756758 ]] Weight: 0.4896056890695331
Closest True eigenvector: [[ 0.64024264 -0.75399691 -0.14689455]
 [ 0.76078671  0.59593128  0.25703986]
 [-0.10626821 -0.2763233   0.95517145]] Weight: 0.2573775454822034
Angle_error in degrees: [44.19771708 37.48222212 28.14617305]
-------------------------------------
Time taken for plotting: 1759.3936791419983 seconds
-------------------------------------